# Auto-generated by f32nodes; manual adjustments not required.
nodes:
  audioreader:
    x: 69.30808544062529
    y: 868.3549269257803
  fft_analyzer:
    x: 663.5333961296872
    y: 1458.0618065187502
  rms_meter:
    x: 1143.2901331289065
    y: 532.0279290007818
  spectrum_mapper:
    x: 1342.7916241640626
    y: 1176.9172330601552
  visualizer:
    x: 2025.750749423438
    y: 671.5134557710933
view:
  center_x: 2087.712665406427
  center_y: 934.5935727788278
  scale: 1.3225000000000002
