# Auto-generated by f32nodes; manual adjustments not required.
nodes:
  display:
    x: 1214.4167516718746
    y: 883.9680870937498
  driver:
    x: -346.58024021874917
    y: 867.7766617343748
  field:
    x: 430.6081770312502
    y: 871.0069842031251
view:
  center_x: 594.4566167656244
  center_y: 1205.1046588906238
  scale: 0.4323275959115567
